WorkSpace
INTERMEDIATE_NODES NUMBER
5

Overall_Objective.
O_Objtv
null
Overall_Objective_Description.
-500 1232
1274 -4822
3 0
son_nº:_943470484 Económicos 0.333 0.333 0.333 0.000 0.000
son_nº:_-55412430 Sociales 0.333 0.333 0.333 0.000 0.000
son_nº:_691191788 Confort 0.333 0.333 0.333 0.000 0.000

son_nº:_943470484
Económicos
Overall_Objective.
Description
-550 2120
1752 -1536
2 0
son_nº:_-2052298709 Coste 0.375 0.375 0.375 0.000 0.000
son_nº:_1462875319 Tiempo_llega 0.625 0.625 0.625 0.000 0.000

son_nº:_-55412430
Sociales
Overall_Objective.
Description
-550 1780
4860 -4318
2 0
son_nº:_2096460027 Contaminació 0.800 0.800 0.800 0.000 0.000
son_nº:_-1071144262 Ruidos 0.200 0.200 0.200 0.000 0.000

son_nº:_691191788
Confort
Overall_Objective.
Description
-550 1610
531 -7498
4 0
son_nº:_1781285015 Transbordos 0.250 0.250 0.250 0.000 0.000
son_nº:_-1079888089 Tiempo_esper 0.250 0.250 0.250 0.000 0.000
son_nº:_1705378857 Personas_hab 0.250 0.250 0.250 0.000 0.000
son_nº:_-1154643683 T._Transport 0.250 0.250 0.250 0.000 0.000

son_nº:_-1154643683
T._Transport
son_nº:_691191788
Description
-550 2460
4833 -13284
2 0
son_nº:_1411869227 Terrestre 0.714 0.714 0.714 0.000 0.000
son_nº:_-51027246 Subterráneo 0.286 0.286 0.286 0.000 0.000

LEAF NODES.
9
STRATEGY NUMBER.
0

son_nº:_-2052298709
Coste
euros
0.000000 5.000000
son_nº:_943470484
Description
-550 1270
5433 -741

1 
1.000000e+000 	-3.333334e-002 	0.000000e+000 	0.000000e+000 	9.800000e-001 	-1.999998e-002 	0.000000e+000 	0.000000e+000 	1.020000e+000 	-3.999996e-002 	0.000000e+000 	0.000000e+000 	1.840000e+000 	-3.680000e-001 	0.000000e+000 	0.000000e+000 	0.000000e+000 1.500000e+000 2.000000e+000 2.500000e+000 5.000000e+000 0.000000e+000 5.000000e+000 5.000000e+000 0.000000e+000 5.000000e+000 0.000000e+000 1.000000e+000 1 
1.000000e+000 	-2.666666e-002 	0.000000e+000 	0.000000e+000 	9.900001e-001 	-2.000004e-002 	0.000000e+000 	0.000000e+000 	1.030000e+000 	-3.999996e-002 	0.000000e+000 	0.000000e+000 	1.860000e+000 	-3.720000e-001 	0.000000e+000 	0.000000e+000 	0.000000e+000 1.500000e+000 2.000000e+000 2.500000e+000 5.000000e+000 0.000000e+000 5.000000e+000 5.000000e+000 0.000000e+000 5.000000e+000 0.000000e+000 1.000000e+000 1 
1.000000e+000 	-1.999998e-002 	0.000000e+000 	0.000000e+000 	1.000000e+000 	-2.000010e-002 	0.000000e+000 	0.000000e+000 	1.040000e+000 	-3.999996e-002 	0.000000e+000 	0.000000e+000 	1.880000e+000 	-3.760000e-001 	0.000000e+000 	0.000000e+000 	0.000000e+000 1.500000e+000 2.000000e+000 2.500000e+000 5.000000e+000 0.000000e+000 5.000000e+000 5.000000e+000 0.000000e+000 5.000000e+000 0.000000e+000 1.000000e+000 1 

son_nº:_2096460027
Contaminació
kg_de_CO2
0.000000 10.000000
son_nº:_-55412430
Description
-550 2460
8206 -6014

0 


son_nº:_1462875319
Tiempo_llega
minutos
0.000000 100.000000
son_nº:_943470484
Description
-550 2460
4807 -1881

0 


son_nº:_-1071144262
Ruidos
decibelios
0.000000 100.000000
son_nº:_-55412430
Description
-550 1440
7755 -4716

0 


son_nº:_1781285015
Transbordos
nº_transbordos
0.000000 3.000000
son_nº:_691191788
Description
-550 2290
5763 -8107

0 


son_nº:_-1079888089
Tiempo_esper
minutos
0.000000 100.000000
son_nº:_691191788
Description
-550 2460
5062 -9591

0 


son_nº:_1705378857
Personas_hab
personas
1.000000 200.000000
son_nº:_691191788
Description
-550 2460
4435 -15457

0 


son_nº:_1411869227
Terrestre
No_Units
-1.000000 1.000000
son_nº:_-1154643683
Description
-550 1950
10835 -13125

0 


son_nº:_-51027246
Subterráneo
No_Units
-1.000000 1.000000
son_nº:_-1154643683
Description
-550 2290
11393 -14874

0 


STRATEGY NAMES
Coche
Autobus
Metro
Cercanias